,T15.f,T15.lg,T15.pv,T15.sm,T32.cs,T32.f,T32.lg,T32.pv,T32.sm,T35.f,T35.lg,T35.pv,T35.sm,T37.cs,T37.f,T37.lg,T37.pv,T37.sm,T38.f,T38.lg,T38.pv,T38.sm,T39.cs,T39.f,T39.lg,T39.pv,T39.sm,T4.cs,T4.f,T4.lg,T4.pv,T4.sm,T44.f,T44.lg,T44.sm,T6.f,T6.lg,T6.sm,T8.cs,T8.f,T8.lg,T8.pv,T8.sm
T15.f,0,0.126737654,0.374846566,0.202459045,0.071970574,0.131373945,0.18771521,0.220580919,0.235180788,0.168083129,0.172436271,0.357610611,0.247363244,0.074164629,0.132358521,0.096001812,0.363450794,0.242932892,0.107399916,0.055588804,0.117377063,0.092520688,0.162090652,0.13851995,0.140469174,0.197441285,0.226518333,0.16535715,0.165824805,0.116272054,0.386287365,0.237881762,0.078993388,0.148007601,0.232273029,0.072226096,0.150769321,0.262886551,0.165320765,0.164987761,0.14057638,0.419573685,0.10910219
T15.lg,0.126737654,0,0.342696402,0.088702183,0.112138862,0.20431379,0.067115133,0.176484626,0.116489609,0.092954116,0.219855747,0.234062455,0.123340548,0.144695966,0.03546187,0.048981538,0.268466128,0.116767663,0.217935373,0.171829004,0.064717191,0.122259702,0.23170572,0.214632273,0.226269067,0.195657989,0.105263604,0.23826572,0.242054454,0.187667044,0.357106077,0.11441175,0.111029396,0.217599204,0.108807132,0.145032982,0.226399355,0.13713934,0.23811201,0.240617795,0.232346774,0.387330357,0.209437925
T15.pv,0.374846566,0.342696402,0,0.32472762,0.371089172,0.394642827,0.337112794,0.31122422,0.325177249,0.334624078,0.349095439,0.418379097,0.325540768,0.370995774,0.358186684,0.35690113,0.33143073,0.319894681,0.375550294,0.382197165,0.354542392,0.379425097,0.399660814,0.399070278,0.4070447,0.440213542,0.32996438,0.405241043,0.403753124,0.38510199,0.079461902,0.31625564,0.338654423,0.396563148,0.318176548,0.378166664,0.401444876,0.341512103,0.414673296,0.411733439,0.41406149,0.20784016,0.382226073
T15.sm,0.202459045,0.088702183,0.32472762,0,0.19944756,0.292785936,0.050851585,0.149063783,0.056908174,0.054704725,0.213667494,0.177456767,0.047961467,0.231596374,0.123129648,0.136358373,0.239756407,0.046878076,0.293404045,0.249033279,0.128426517,0.194201272,0.319522893,0.302674393,0.304099289,0.267496257,0.049834423,0.326099107,0.330099269,0.275695646,0.329696553,0.050283924,0.180737264,0.305765967,0.049998047,0.23291316,0.315077208,0.062309732,0.326406407,0.329295648,0.309785318,0.359917319,0.284890382
T32.cs,0.071970574,0.112138862,0.371089172,0.19944756,0,0.094332255,0.161603809,0.249778359,0.20887141,0.199623561,0.235082435,0.334250952,0.221581368,0.047308038,0.106820991,0.069758606,0.335604817,0.216156579,0.120701436,0.073536526,0.110383779,0.046110329,0.129035521,0.114665235,0.12809264,0.182502234,0.199320759,0.127696791,0.131692518,0.081898867,0.384789201,0.212031852,0.071388342,0.118524801,0.204600439,0.034240982,0.116382626,0.236898048,0.135721236,0.13278138,0.135124743,0.423572688,0.113815543
T32.f,0.131373945,0.20431379,0.394642827,0.292785936,0.094332255,0,0.254624573,0.343333398,0.30237939,0.292384595,0.266171112,0.42726299,0.314489909,0.101792485,0.200318115,0.163081077,0.428855698,0.308388612,0.084782721,0.078241052,0.203351806,0.136414842,0.035498517,0.023225079,0.033788727,0.264807558,0.292081794,0.034185977,0.037974711,0.031864689,0.408583757,0.305284791,0.158328174,0.024692297,0.297215928,0.061549532,0.022319613,0.329682459,0.041813873,0.038477466,0.041204285,0.447296847,0.060101516
T32.lg,0.18771521,0.067115133,0.337112794,0.050851585,0.161603809,0.254624573,0,0.192228175,0.055520787,0.07999859,0.243828442,0.199457232,0.069850742,0.206390353,0.074980725,0.093248318,0.261243576,0.067080049,0.281215678,0.231165095,0.131354124,0.178900826,0.28809005,0.272531137,0.288384959,0.245817973,0.052313823,0.288389063,0.284319668,0.23553384,0.345697395,0.057474701,0.177059992,0.277283831,0.055622419,0.19481666,0.274055568,0.088306338,0.296117052,0.287834946,0.290268711,0.389430181,0.270143362
T32.pv,0.220580919,0.176484626,0.31122422,0.149063783,0.249778359,0.343333398,0.192228175,0,0.191427652,0.120706952,0.206967583,0.214561978,0.173222979,0.271452025,0.203181132,0.202398809,0.176825458,0.18203911,0.296007775,0.269814053,0.150586769,0.209476096,0.364640863,0.352339884,0.352504182,0.252196521,0.194572441,0.374501225,0.372266314,0.320793221,0.305789879,0.184642589,0.191777404,0.356236801,0.187066073,0.282203493,0.36562467,0.145565077,0.377346643,0.37997225,0.355749318,0.291891598,0.310092334
T32.sm,0.235180788,0.116489609,0.325177249,0.056908174,0.20887141,0.30237939,0.055520787,0.191427652,0,0.077633477,0.243074887,0.180870331,0.020467579,0.25374862,0.128857731,0.140861762,0.25379483,0.015025239,0.32866296,0.278626859,0.180323945,0.228267196,0.337072965,0.319992901,0.336139775,0.295132191,0.042806459,0.33574733,0.334400808,0.284848057,0.332081252,0.019000345,0.226029812,0.326471843,0.007911947,0.242428923,0.322051285,0.05362979,0.343768372,0.335589762,0.337933126,0.389017851,0.319202198
T35.f,0.168083129,0.092954116,0.334624078,0.054704725,0.199623561,0.292384595,0.07999859,0.120706952,0.077633477,0,0.169549717,0.197175653,0.088995524,0.230125911,0.123493381,0.136466237,0.262605285,0.081191852,0.26657842,0.218401263,0.147953314,0.215104896,0.321008167,0.30104784,0.301331222,0.28679061,0.080873184,0.32478577,0.328374318,0.278821568,0.34733107,0.08246661,0.200256712,0.308227175,0.074220557,0.231352846,0.314470161,0.105985966,0.325889762,0.328688601,0.303984165,0.385974384,0.271074977
T35.lg,0.172436271,0.219855747,0.349095439,0.213667494,0.235082435,0.266171112,0.243828442,0.206967583,0.243074887,0.169549717,0,0.35296715,0.247958293,0.22331892,0.247676502,0.239345365,0.363506132,0.241772376,0.236001482,0.192187777,0.221663544,0.249309718,0.288674373,0.274953442,0.275117738,0.327349096,0.245313512,0.297811214,0.296835148,0.24282467,0.360401131,0.23897198,0.225671425,0.278868808,0.238050413,0.232571867,0.288256677,0.264948735,0.299676278,0.302475117,0.277770681,0.400540182,0.240160191
T35.pv,0.357610611,0.234062455,0.418379097,0.177456767,0.334250952,0.42726299,0.199457232,0.214561978,0.180870331,0.197175653,0.35296715,0,0.161215267,0.36481271,0.252642356,0.268267829,0.10332908,0.170632038,0.431299132,0.401279259,0.250565038,0.293921571,0.450723675,0.440907712,0.458681867,0.214915679,0.189639495,0.458249373,0.452957969,0.401690076,0.407237784,0.173131553,0.298375327,0.445799414,0.178922905,0.366060846,0.44689394,0.138845047,0.466175876,0.461241519,0.46305235,0.344349418,0.426484776
T35.sm,0.247363244,0.123340548,0.325540768,0.047961467,0.221581368,0.314489909,0.069850742,0.173222979,0.020467579,0.088995524,0.247958293,0.161215267,0,0.265422524,0.142275698,0.155490589,0.234627516,0.013167448,0.340345953,0.290252249,0.161162738,0.209137014,0.345443723,0.331646582,0.347835994,0.276044024,0.054072592,0.347257178,0.348921895,0.294518271,0.31533161,0.024043227,0.208583632,0.334728614,0.020084484,0.254467203,0.334013203,0.034894178,0.355467064,0.349894737,0.352222788,0.369858275,0.32926553
T37.cs,0.074164629,0.144695966,0.370995774,0.231596374,0.047308038,0.101792485,0.206390353,0.271452025,0.25374862,0.230125911,0.22331892,0.36481271,0.265422524,0,0.14886036,0.114339884,0.367499003,0.259118998,0.104519325,0.067718768,0.133902372,0.085154819,0.125441,0.105582549,0.122820316,0.204743329,0.23598744,0.131319741,0.12988521,0.083771919,0.384242431,0.250153757,0.084836615,0.117612761,0.248112295,0.049168937,0.123878051,0.279337538,0.135989634,0.138349598,0.12985242,0.41498396,0.097633433
T37.f,0.132358521,0.03546187,0.358186684,0.123129648,0.106820991,0.200318115,0.074980725,0.203181132,0.128857731,0.123493381,0.247676502,0.252642356,0.142275698,0.14886036,0,0.037849122,0.282859136,0.138992875,0.224460419,0.1765465,0.07466619,0.124772567,0.231471084,0.215486701,0.233922176,0.188981829,0.121672301,0.231852108,0.225531296,0.177494798,0.365911374,0.127864779,0.119575465,0.222634584,0.128022346,0.139116666,0.21930946,0.159608784,0.241550772,0.23233909,0.234667142,0.41046833,0.212988876
T37.lg,0.096001812,0.048981538,0.35690113,0.136358373,0.069758606,0.163081077,0.093248318,0.202398809,0.140861762,0.136466237,0.239345365,0.268267829,0.155490589,0.114339884,0.037849122,0,0.285752755,0.152685177,0.189262024,0.139566753,0.064865791,0.088869663,0.197685124,0.180171236,0.196742243,0.156752578,0.136163435,0.196346394,0.194070296,0.144276645,0.365577716,0.143321697,0.086628876,0.187174404,0.141129037,0.102890582,0.181888626,0.173835616,0.204370839,0.195159157,0.197502521,0.409218516,0.179284725
T37.pv,0.363450794,0.268466128,0.33143073,0.239756407,0.335604817,0.428855698,0.261243576,0.176825458,0.25379483,0.262605285,0.363506132,0.10332908,0.234627516,0.367499003,0.282859136,0.285752755,0,0.243868294,0.427348329,0.407340236,0.254132356,0.297614517,0.454264469,0.446703769,0.462275963,0.219134852,0.252699149,0.45833414,0.45699036,0.405972175,0.327131866,0.242550098,0.290584038,0.449057147,0.247392898,0.367657771,0.451003243,0.206458201,0.46990456,0.466875688,0.469219052,0.253510272,0.430654973
T37.sm,0.242932892,0.116767663,0.319894681,0.046878076,0.216156579,0.308388612,0.067080049,0.18203911,0.015025239,0.081191852,0.241772376,0.170632038,0.013167448,0.259118998,0.138992875,0.152685177,0.243868294,0,0.334678704,0.287306801,0.170122901,0.217249578,0.339747279,0.327662576,0.341269719,0.287700457,0.047878736,0.34243292,0.345498347,0.291094723,0.326894697,0.021043811,0.215004205,0.328977217,0.011635278,0.24915782,0.330566556,0.043384258,0.349301955,0.345965548,0.348692367,0.378757266,0.326165043
T38.f,0.107399916,0.217935373,0.375550294,0.293404045,0.120701436,0.084782721,0.281215678,0.296007775,0.32866296,0.26657842,0.236001482,0.431299132,0.340345953,0.104519325,0.224460419,0.189262024,0.427348329,0.334678704,0,0.056382128,0.196803846,0.158742051,0.084189242,0.077325573,0.068320268,0.282451058,0.315413125,0.090906648,0.086014378,0.085073495,0.384646459,0.32684721,0.143326366,0.08075488,0.323087291,0.08659945,0.09022104,0.354087236,0.092775311,0.096087343,0.070793794,0.422799193,0.030272722
T38.lg,0.055588804,0.171829004,0.382197165,0.249033279,0.073536526,0.078241052,0.231165095,0.269814053,0.278626859,0.218401263,0.192187777,0.401279259,0.290252249,0.067718768,0.1765465,0.139566753,0.407340236,0.287306801,0.056382128,0,0.161824584,0.111451998,0.107966697,0.085139972,0.087187679,0.240719125,0.270006952,0.111195964,0.112124491,0.068570264,0.393324909,0.280711595,0.123129888,0.094147965,0.27580579,0.066281383,0.097707241,0.307031748,0.112035484,0.111925681,0.088089041,0.427046908,0.059103206
T38.pv,0.117377063,0.064717191,0.354542392,0.128426517,0.110383779,0.203351806,0.131354124,0.150586769,0.180323945,0.147953314,0.221663544,0.250565038,0.161162738,0.133902372,0.07466619,0.064865791,0.254132356,0.170122901,0.196803846,0.161824584,0,0.08052102,0.224091976,0.211626588,0.218320958,0.148488812,0.167029602,0.234003061,0.231870999,0.179759913,0.34723774,0.168806447,0.074457552,0.2157258,0.173092215,0.142114959,0.225392864,0.161597222,0.236753477,0.239611304,0.223970703,0.365916223,0.190559949
T38.sm,0.092520688,0.122259702,0.379425097,0.194201272,0.046110329,0.136414842,0.178900826,0.209476096,0.228267196,0.215104896,0.249309718,0.293921571,0.209137014,0.085154819,0.124772567,0.088869663,0.297614517,0.217249578,0.158742051,0.111451998,0.08052102,0,0.165247842,0.154183949,0.16714195,0.143857683,0.217218844,0.170030122,0.173750166,0.119497061,0.373874312,0.220785446,0.059067756,0.154759074,0.220641155,0.077116724,0.158606895,0.197306713,0.174680017,0.172825335,0.17407043,0.384004128,0.150958193
T39.cs,0.162090652,0.23170572,0.399660814,0.319522893,0.129035521,0.035498517,0.28809005,0.364640863,0.337072965,0.321008167,0.288674373,0.450723675,0.345443723,0.125441,0.231471084,0.197685124,0.454264469,0.339747279,0.084189242,0.107966697,0.224091976,0.165247842,0,0.034199315,0.026595107,0.291334808,0.32411161,0.013084244,0.01762758,0.059135533,0.411444218,0.333213973,0.179496092,0.014639507,0.329768321,0.094892033,0.016563407,0.359462277,0.017699533,0.017637393,0.034222842,0.449895311,0.064625776
T39.f,0.13851995,0.214632273,0.399070278,0.302674393,0.114665235,0.023225079,0.272531137,0.352339884,0.319992901,0.30104784,0.274953442,0.440907712,0.331646582,0.105582549,0.215486701,0.180171236,0.446703769,0.327662576,0.077325573,0.085139972,0.211626588,0.154183949,0.034199315,0,0.028436311,0.270961308,0.300132217,0.037813666,0.034358219,0.046272466,0.409267326,0.315791828,0.164433191,0.020941213,0.316934499,0.080769053,0.024837425,0.348067467,0.039562283,0.038682837,0.03244417,0.445633456,0.049014633
T39.lg,0.140469174,0.226269067,0.4070447,0.304099289,0.12809264,0.033788727,0.288384959,0.352504182,0.336139775,0.301331222,0.275117738,0.458681867,0.347835994,0.122820316,0.233922176,0.196742243,0.462275963,0.341269719,0.068320268,0.087187679,0.218320958,0.16714195,0.026595107,0.028436311,0,0.298340972,0.324892504,0.03064691,0.036801087,0.065419368,0.41891605,0.338889486,0.178356243,0.021581245,0.330068851,0.095146504,0.031031172,0.361804956,0.02563218,0.029956085,0.008083927,0.455064712,0.050875175
T39.pv,0.197441285,0.195657989,0.440213542,0.267496257,0.182502234,0.264807558,0.245817973,0.252196521,0.295132191,0.28679061,0.327349096,0.214915679,0.276044024,0.204743329,0.188981829,0.156752578,0.219134852,0.287700457,0.282451058,0.240719125,0.148488812,0.143857683,0.291334808,0.270961308,0.298340972,0,0.258277627,0.296301748,0.286357221,0.236937198,0.42809389,0.277376222,0.153383328,0.285309072,0.291547285,0.203413123,0.284032847,0.250583963,0.306094331,0.300431601,0.302865367,0.356633404,0.272972122
T39.sm,0.226518333,0.105263604,0.32996438,0.049834423,0.199320759,0.292081794,0.052313823,0.194572441,0.042806459,0.080873184,0.245313512,0.189639495,0.054072592,0.23598744,0.121672301,0.136163435,0.252699149,0.047878736,0.315413125,0.270006952,0.167029602,0.217218844,0.32411161,0.300132217,0.324892504,0.258277627,0,0.323052603,0.32261686,0.275733628,0.341937572,0.036415706,0.210164167,0.315099925,0.037164838,0.230928259,0.314167359,0.069253474,0.332645863,0.32960251,0.332036275,0.383067228,0.308527231
T4.cs,0.16535715,0.23826572,0.405241043,0.326099107,0.127696791,0.034185977,0.288389063,0.374501225,0.33574733,0.32478577,0.297811214,0.458249373,0.347257178,0.131319741,0.231852108,0.196346394,0.45833414,0.34243292,0.090906648,0.111195964,0.234003061,0.170030122,0.013084244,0.037813666,0.03064691,0.296301748,0.323052603,0,0.019514307,0.063294064,0.416192419,0.336562061,0.189444139,0.021028287,0.330826195,0.093779679,0.015250867,0.362789453,0.015950479,0.013010623,0.038310803,0.460617109,0.072879723
T4.f,0.165824805,0.242054454,0.403753124,0.330099269,0.131692518,0.037974711,0.284319668,0.372266314,0.334400808,0.328374318,0.296835148,0.452957969,0.348921895,0.12988521,0.225531296,0.194070296,0.45699036,0.345498347,0.086014378,0.112124491,0.231870999,0.173750166,0.01762758,0.034358219,0.036801087,0.286357221,0.32261686,0.019514307,0,0.054644525,0.405513158,0.328679998,0.182776583,0.025861042,0.334720643,0.097473941,0.016227239,0.366412058,0.028429819,0.019862708,0.038049513,0.458917123,0.06759037
T4.lg,0.116272054,0.187667044,0.38510199,0.275695646,0.081898867,0.031864689,0.23553384,0.320793221,0.284848057,0.278821568,0.24282467,0.401690076,0.294518271,0.083771919,0.177494798,0.144276645,0.405972175,0.291094723,0.085073495,0.068570264,0.179759913,0.119497061,0.059135533,0.046272466,0.065419368,0.236937198,0.275733628,0.063294064,0.054644525,0,0.390338261,0.276890984,0.133643076,0.052482012,0.28355634,0.04768029,0.050573441,0.312008434,0.073151461,0.063836282,0.066270048,0.437445144,0.056742361
T4.pv,0.386287365,0.357106077,0.079461902,0.329696553,0.384789201,0.408583757,0.345697395,0.305789879,0.332081252,0.34733107,0.360401131,0.407237784,0.31533161,0.384242431,0.365911374,0.365577716,0.327131866,0.326894697,0.384646459,0.393324909,0.34723774,0.373874312,0.411444218,0.409267326,0.41891605,0.42809389,0.341937572,0.416192419,0.405513158,0.390338261,0,0.321972059,0.330330411,0.410876293,0.332578116,0.391466321,0.41261202,0.336356379,0.426544647,0.418913822,0.420909399,0.212754253,0.39344009
T4.sm,0.237881762,0.11441175,0.31625564,0.050283924,0.212031852,0.305284791,0.057474701,0.184642589,0.019000345,0.08246661,0.23897198,0.173131553,0.024043227,0.250153757,0.127864779,0.143321697,0.242550098,0.021043811,0.32684721,0.280711595,0.168806447,0.220785446,0.333213973,0.315791828,0.338889486,0.277376222,0.036415706,0.336562061,0.328679998,0.276890984,0.321972059,0,0.21268526,0.32566562,0.018364573,0.243841746,0.324567184,0.046815562,0.346525172,0.338346562,0.340674613,0.378873068,0.316298114
T44.f,0.078993388,0.111029396,0.338654423,0.180737264,0.071388342,0.158328174,0.177059992,0.191777404,0.226029812,0.200256712,0.225671425,0.298375327,0.208583632,0.084836615,0.119575465,0.086628876,0.290584038,0.215004205,0.143326366,0.123129888,0.074457552,0.059067756,0.179496092,0.164433191,0.178356243,0.153383328,0.210164167,0.189444139,0.182776583,0.133643076,0.330330411,0.21268526,0,0.17102587,0.218738263,0.097076014,0.180413739,0.222419955,0.191729844,0.194632179,0.18428829,0.365615025,0.147332866
T44.lg,0.148007601,0.217599204,0.396563148,0.305765967,0.118524801,0.024692297,0.277283831,0.356236801,0.326471843,0.308227175,0.278868808,0.445799414,0.334728614,0.117612761,0.222634584,0.187174404,0.449057147,0.328977217,0.08075488,0.094147965,0.2157258,0.154759074,0.014639507,0.020941213,0.021581245,0.285309072,0.315099925,0.021028287,0.025861042,0.052482012,0.410876293,0.32566562,0.17102587,0,0.319103974,0.085485661,0.013845965,0.349189876,0.022188164,0.024444631,0.029350853,0.444767926,0.0559222
T44.sm,0.232273029,0.108807132,0.318176548,0.049998047,0.204600439,0.297215928,0.055622419,0.187066073,0.007911947,0.074220557,0.238050413,0.178922905,0.020084484,0.248112295,0.128022346,0.141129037,0.247392898,0.011635278,0.323087291,0.27580579,0.173092215,0.220641155,0.329768321,0.316934499,0.330068851,0.291547285,0.037164838,0.330826195,0.334720643,0.28355634,0.332578116,0.018364573,0.218738263,0.319103974,0,0.237593457,0.319358598,0.046626289,0.337710542,0.334757591,0.337085642,0.38180765,0.314589845
T6.f,0.072226096,0.145032982,0.378166664,0.23291316,0.034240982,0.061549532,0.19481666,0.282203493,0.242428923,0.231352846,0.232571867,0.366060846,0.254467203,0.049168937,0.139116666,0.102890582,0.367657771,0.24915782,0.08659945,0.066281383,0.142114959,0.077116724,0.094892033,0.080769053,0.095146504,0.203413123,0.230928259,0.093779679,0.097473941,0.04768029,0.391466321,0.243841746,0.097076014,0.085485661,0.237593457,0,0.083443579,0.269622207,0.102795284,0.099842333,0.102170384,0.430665492,0.079713557
T6.lg,0.150769321,0.226399355,0.401444876,0.315077208,0.116382626,0.022319613,0.274055568,0.36562467,0.322051285,0.314470161,0.288256677,0.44689394,0.334013203,0.123878051,0.21930946,0.181888626,0.451003243,0.330566556,0.09022104,0.097707241,0.225392864,0.158606895,0.016563407,0.024837425,0.031031172,0.284032847,0.314167359,0.015250867,0.016227239,0.050573441,0.41261202,0.324567184,0.180413739,0.013845965,0.319358598,0.083443579,0,0.351651277,0.022878763,0.016406444,0.03595792,0.456511798,0.061907673
T6.sm,0.262886551,0.13713934,0.341512103,0.062309732,0.236898048,0.329682459,0.088306338,0.145565077,0.05362979,0.105985966,0.264948735,0.138845047,0.034894178,0.279337538,0.159608784,0.173835616,0.206458201,0.043384258,0.354087236,0.307031748,0.161597222,0.197306713,0.359462277,0.348067467,0.361804956,0.250583963,0.069253474,0.362789453,0.366412058,0.312008434,0.336356379,0.046815562,0.222419955,0.349189876,0.046626289,0.269622207,0.351651277,0,0.369503299,0.366146776,0.368727583,0.336961116,0.345460061
T8.cs,0.165320765,0.23811201,0.414673296,0.326406407,0.135721236,0.041813873,0.296117052,0.377346643,0.343768372,0.325889762,0.299676278,0.466175876,0.355467064,0.135989634,0.241550772,0.204370839,0.46990456,0.349301955,0.092775311,0.112035484,0.236753477,0.174680017,0.017699533,0.039562283,0.02563218,0.306094331,0.332645863,0.015950479,0.028429819,0.073151461,0.426544647,0.346525172,0.191729844,0.022188164,0.337710542,0.102795284,0.022878763,0.369503299,0,0.009938886,0.028192735,0.46304411,0.075330217
T8.f,0.164987761,0.240617795,0.411733439,0.329295648,0.13278138,0.038477466,0.287834946,0.37997225,0.335589762,0.328688601,0.302475117,0.461241519,0.349894737,0.138349598,0.23233909,0.195159157,0.466875688,0.345965548,0.096087343,0.111925681,0.239611304,0.172825335,0.017637393,0.038682837,0.029956085,0.300431601,0.32960251,0.013010623,0.019862708,0.063836282,0.418913822,0.338346562,0.194632179,0.024444631,0.334757591,0.099842333,0.016406444,0.366146776,0.009938886,0,0.031529972,0.465503588,0.075052132
T8.lg,0.14057638,0.232346774,0.41406149,0.309785318,0.135124743,0.041204285,0.290268711,0.355749318,0.337933126,0.303984165,0.277770681,0.46305235,0.352222788,0.12985242,0.234667142,0.197502521,0.469219052,0.348692367,0.070793794,0.088089041,0.223970703,0.17407043,0.034222842,0.03244417,0.008083927,0.302865367,0.332036275,0.038310803,0.038049513,0.066270048,0.420909399,0.340674613,0.18428829,0.029350853,0.337085642,0.102170384,0.03595792,0.368727583,0.028192735,0.031529972,0,0.461381689,0.050257295
T8.pv,0.419573685,0.387330357,0.20784016,0.359917319,0.423572688,0.447296847,0.389430181,0.291891598,0.389017851,0.385974384,0.400540182,0.344349418,0.369858275,0.41498396,0.41046833,0.409218516,0.253510272,0.378757266,0.422799193,0.427046908,0.365916223,0.384004128,0.449895311,0.445633456,0.455064712,0.356633404,0.383067228,0.460617109,0.458917123,0.437445144,0.212754253,0.378873068,0.365615025,0.444767926,0.38180765,0.430665492,0.456511798,0.336961116,0.46304411,0.465503588,0.461381689,0,0.429148892
T8.sm,0.10910219,0.209437925,0.382226073,0.284890382,0.113815543,0.060101516,0.270143362,0.310092334,0.319202198,0.271074977,0.240160191,0.426484776,0.32926553,0.097633433,0.212988876,0.179284725,0.430654973,0.326165043,0.030272722,0.059103206,0.190559949,0.150958193,0.064625776,0.049014633,0.050875175,0.272972122,0.308527231,0.072879723,0.06759037,0.056742361,0.39344009,0.316298114,0.147332866,0.0559222,0.314589845,0.079713557,0.061907673,0.345460061,0.075330217,0.075052132,0.050257295,0.429148892,0